{
  "asset": {
    "version": "1.0",
    "tilesetVersion": "1.2.3"
  },
  "geometricError": 70,
  "root": {
    "boundingVolume": {
      "region": [
        -1.3197004795898053,
        0.6988582109,
        -1.3196595204101946,
        0.6988897891,
        0,
        20
      ]
    },
    "geometricError": 70,
    "refine": "ADD",
    "children": [
      {
        "boundingVolume": {
          "region": [
            -1.3197004795898053,
            0.6988582109,
            -1.3196595204101946,
            0.6988897891,
            0,
            20
          ]
        },
        "geometricError": 70,
        "refine": "ADD",
        "content": {
          "uri": "external.b3dm"
        },
        "transform": [
          0.9686356343768792,
          0.24848542777253735,
          0,
          0,
          -0.1598646084383285,
          0.6231776156741929,
          0.7655670880409422,
          0,
          0.19023226536042928,
          -0.7415555619825982,
          0.6433560707015301,
          0,
          1215013.8340490046,
          -4736316.75897742,
          4081608.4380407534,
          1
        ]
      },
      {
        "boundingVolume": {
          "region": [
            -1.3197004795898053,
            0.6988582109,
            -1.3196595204101946,
            0.6988897891,
            0,
            20
          ]
        },
        "geometricError": 70,
        "refine": "ADD",
        "content": {
          "uri": "external.i3dm"
        },
        "transform": [
          0.9686366521446808,
          0.2484814603183605,
          0,
          0,
          -0.1598620559525986,
          0.6231782704612867,
          0.7655670880409423,
          0,
          0.19022922800808817,
          -0.7415563411521302,
          0.6433560707015301,
          0,
          1214994.4344739306,
          -4736321.735534675,
          4081608.4380407534,
          1
        ]
      },
      {
        "boundingVolume": {
          "region": [
            -1.3197004795898053,
            0.6988582109,
            -1.3196595204101946,
            0.6988897891,
            0,
            20
          ]
        },
        "geometricError": 70,
        "refine": "ADD",
        "content": {
          "uri": "embed.i3dm"
        },
        "transform": [
          0.9686376698962317,
          0.24847749286001491,
          0,
          0,
          -0.1598595034641867,
          0.6231789252379254,
          0.7655670880409422,
          0,
          0.19022619065255567,
          -0.7415571203092216,
          0.6433560707015301,
          0,
          1214975.0348784733,
          -4736326.712012473,
          4081608.4380407534,
          1
        ]
      }
    ]
  }
}
