{
  "asset": {
    "version": "1.0",
    "tilesetVersion": "1.2.3"
  },
  "geometricError": 70,
  "root": {
    "boundingVolume": {
      "region": [
        -1.3197004795898053,
        0.6988582109,
        -1.3196595204101946,
        0.6988897891,
        0,
        20
      ]
    },
    "geometricError": 70,
    "refine": "ADD",
    "children": [
      {
        "boundingVolume": {
          "region": [
            -1.3197004795898053,
            0.6988582109,
            -1.3196595204101946,
            0.6988897891,
            0,
            20
          ]
        },
        "geometricError": 70,
        "refine": "ADD",
        "content": {
          "uri": "tileset2/tileset2.json"
        }
      },
      {
        "boundingVolume": {
          "region": [
            -1.3197004795898053,
            0.6988582109,
            -1.3196595204101946,
            0.6988897891,
            0,
            20
          ]
        },
        "geometricError": 70,
        "refine": "ADD",
        "content": {
          "uri": "external.b3dm"
        },
        "transform": [
          0.9686325809759725,
          0.24849733011005554,
          0,
          0,
          -0.15987226587942635,
          0.6231756512501834,
          0.7655670880409421,
          0,
          0.190241377398304,
          -0.7415532243993574,
          0.6433560707015301,
          0,
          1215072.0326519238,
          -4736301.828828896,
          4081608.4380407534,
          1
        ]
      },
      {
        "boundingVolume": {
          "region": [
            -1.3197004795898053,
            0.6988582109,
            -1.3196595204101946,
            0.6988897891,
            0,
            20
          ]
        },
        "geometricError": 70,
        "refine": "ADD",
        "content": {
          "uri": "external.i3dm"
        },
        "transform": [
          0.9686335987925251,
          0.24849336266838487,
          0,
          0,
          -0.15986971340174239,
          0.6231763060686413,
          0.7655670880409422,
          0,
          0.1902383400555372,
          -0.7415540036062118,
          0.6433560707015301,
          0,
          1215052.6331380012,
          -4736306.80562453,
          4081608.4380407534,
          1
        ]
      },
      {
        "boundingVolume": {
          "region": [
            -1.3197004795898053,
            0.6988582109,
            -1.3196595204101946,
            0.6988897891,
            0,
            20
          ]
        },
        "geometricError": 70,
        "refine": "ADD",
        "content": {
          "uri": "embed.i3dm"
        },
        "transform": [
          0.9686346165928273,
          0.24848939522254557,
          0,
          0,
          -0.15986716092137648,
          0.6231769608766445,
          0.7655670880409424,
          0,
          0.19023530270957903,
          -0.7415547828006255,
          0.6433560707015301,
          0,
          1215033.2336036952,
          -4736311.782340704,
          4081608.4380407534,
          1
        ]
      }
    ]
  }
}
